Year,Natural gas,Diesel oil,Biodiesel,Gasoline,Anhydrous ethanol,Hydrated ethanol,Sum (10³ toe),Natural gas (TJ),Diesel oil (TJ),Biodiesel (TJ),Gasoline (TJ),Anhydrous ethanol (TJ),Hydrated ethanol (TJ),Sum (TJ),Natural gas (emissions),Diesel oil (emissions),Gasoline (emissions),Sum (emissions)
,1970,0.0,3893.955774,0.0,7368.976090000001,98.2422,0.0,13331.174064000003,0.0,163546.142508,0.0,309496.99578000006,4126.1723999999995,0.0,477169.310688,0.0,12329890.875206377,22378180.279872905,34708071.15507928
,1971,0.0,4269.462738,0.0,8020.659512,135.61695,0.0,14396.7392,0.0,179317.434996,0.0,336867.699504,5695.9119,0.0,521881.04640000005,0.0,13518902.810039936,24357219.012636725,37876121.82267666
,1972,0.0,4863.586769,0.0,8988.123026000001,208.764675,0.0,16032.474470000001,0.0,204270.64429799997,0.0,377501.167092,8768.11635,0.0,590539.92774,0.0,15400147.717206087,27295221.886587065,42695369.60379315
,1973,0.0,5769.775949,0.0,10541.48244,164.982825,0.0,18449.241213999998,0.0,242330.589858,0.0,442742.26248,6929.278649999999,0.0,692002.130988,0.0,18269521.26692549,32012479.2886164,50282000.55554189
,1974,0.0,6304.744774,0.0,10937.7555,101.44575,0.0,19317.946023999997,0.0,264799.280508,0.0,459385.73099999997,4260.721500000001,0.0,728445.733008,0.0,19963456.07685058,33215885.279955,53179341.35680558
,1975,0.0,7249.513436,0.0,11189.29601,86.49585,0.0,20500.305296,0.0,304479.564312,0.0,469950.43242,3632.8257000000003,0.0,778062.8224320001,0.0,22954988.38508956,33979766.01612811,56934754.40121767
,1976,0.0,8534.638866,0.0,11268.63224,91.8351,0.0,21871.106206,0.0,358454.832372,0.0,473282.55408000003,3857.0742,0.0,835594.460652,0.0,27024232.421874214,34220695.072754405,61244927.49462862
,1977,0.0,9315.659058,0.0,10241.075009999999,341.178075,0.0,21874.912142999998,0.0,391257.680436,0.0,430125.15041999996,14329.47915,0.0,835712.310006,0.0,29497268.65998243,31100199.0011181,60597467.66110054
,1978,0.0,10325.58418,0.0,10452.52918,803.0232,1.01934,23560.155899999998,0.0,433674.53556,0.0,439006.22556,33726.9744,42.812279999999994,906450.5477999998,0.0,32695113.542950403,31742345.139115803,64437458.6820662
,1979,0.0,10901.70445,0.0,10396.69162,1184.779575,8.15472,24470.330364999998,0.0,457871.5869,0.0,436661.04803999997,49760.74215,342.49823999999995,944635.87533,0.0,34519351.02081921,31572777.0785322,66092128.099351406
,1980,0.0,11401.26192,0.0,8787.822665,1202.933025,218.64843,23590.66604,0.0,478853.00064000004,0.0,369088.55192999996,50523.18705,9183.234059999999,907647.97368,0.0,36101158.68595018,26686947.74729865,62788106.43324883
,1981,0.0,11279.593509999999,0.0,8412.629536,611.87805,709.46064,22994.561736,0.0,473742.92741999996,0.0,353330.440512,25698.8781,29797.34688,882569.5929119999,0.0,35715905.666828476,25547557.501220163,61263463.168048635
,1982,0.0,11514.54091,0.0,8013.523378,1079.062425,853.18758,23442.314293000003,0.0,483610.71822,0.0,336567.981876,45320.62185,35833.87836,901333.200306,0.0,36459847.2962522,24335547.929544184,60795395.22579639
,1983,0.0,11024.72025,0.0,6847.3580090000005,1173.033225,1503.5265,22531.637984,0.0,463038.2505,0.0,287589.03637800005,49267.395449999996,63148.113,863042.795328,0.0,34908870.43962045,20794125.275311295,55702995.71493174
,1984,0.0,11485.91395,0.0,6140.439021,1111.63185,2331.74025,23053.725071,0.0,482408.3859,0.0,257898.43888200002,46688.5377,97933.09049999999,884928.4529820001,0.0,36369202.38054831,18647346.623363014,55016549.00391133
,1985,0.0,11846.024290000001,0.0,6042.610207,1132.454925,3102.87096,24108.960381999997,0.0,497533.02018000005,0.0,253789.62869399998,47563.10685,130320.58032000001,929206.336044,0.0,37509462.17108837,18350259.102719672,55859721.27380804
,1986,0.0,13948.39087,0.0,6808.178473000001,1303.84485,4279.69899,28326.113183,0.0,585832.41654,0.0,285943.495866,54761.4837,179747.35757999998,1106284.7536860001,0.0,44166433.13212549,20675144.46859113,64841577.60071662
,1987,0.0,14688.5987,0.0,5931.22873,1140.4638,4545.74673,28293.03796,0.0,616921.1454,0.0,249111.60666,47899.4796,190921.36265999998,1104853.5943200001,0.0,46510240.380736865,18012014.719551302,64522255.10028817
,1988,2.7518987999999998,14981.215830000001,0.0,5808.794258,1049.69655,4974.3792,28804.837736800004,115.57974959999999,629211.06486,0.0,243969.358836,44087.255099999995,208923.92640000003,1126307.1849456,6814.8131959152,47436788.46975378,17640204.490636982,65083807.773586676
,1989,1.8722508000000002,15868.197540000001,0.0,6527.387931,866.02635,5641.02756,30893.5116318,78.63453360000001,666464.29668,0.0,274150.293102,36373.1067,236923.15752,1213989.4885356,4636.449370123201,50245343.14457221,19822436.942740113,70072416.53668246
,1990,1.759296,15982.823059999999,0.0,7436.36674,650.32065,5204.75004,31266.019786,73.890432,671278.56852,0.0,312327.40308,27313.4673,218599.50168,1229592.8310119999,4356.727651584,50608295.43143447,22582832.879699405,73195485.03878546
,1991,1.759296,16586.58655,0.0,8058.620637000001,879.374475,5224.627170000001,32741.968128,73.890432,696636.6351,0.0,338462.066754,36933.72795,219434.34114000003,1291540.661376,4356.727651584,52520062.89316059,24472499.736647975,76996919.35746014
,1992,0.0,16881.74943,0.0,8023.2206049999995,1188.51705,4784.27229,32869.759374999994,0.0,709033.47606,0.0,336975.26541,49917.7161,200939.43618,1296865.89375,0.0,53454671.890291855,24364996.56547005,77819668.45576191
,1993,21.9912,17324.92909,0.0,8436.22098,1297.43775,4931.05725,34004.63627,923.6304,727647.0217800001,0.0,354321.28116,54492.385500000004,207104.4045,1344488.72334,54459.09564480001,54857963.854313806,25619200.234273802,80531623.18423241
,1994,40.463808,18105.93529,0.0,9234.68837,1669.04955,4974.3792,36018.516218000004,1699.479936,760449.2821800001,0.0,387856.91154,70100.0811,208923.92640000003,1429029.6811560001,100204.735986432,57330955.78790417,28043993.988899704,85475154.5127903
,1995,43.102752,19279.62131,0.0,11057.396690000001,1800.3951,5069.17782,39244.693671999994,1810.3155840000002,809744.0950199999,0.0,464410.66098000004,75616.59419999999,212905.46844,1564487.1342239997,106739.82746380802,61047336.09324331,33579212.842158906,94733288.76286602
,1996,31.667328,20165.10995,0.0,12946.18507,2164.53195,4987.12095,42290.615248,1330.0277760000001,846934.6179,0.0,543739.7729399999,90910.3419,209459.0799,1692373.840416,78421.09772851202,63851163.084637105,39315104.2824267,103244688.46479231
,1997,41.343456,21422.38192,0.0,14156.0795,2677.09995,4232.80935,44526.714176,1736.4251520000003,899740.04064,0.0,594555.339,112438.1979,177777.99270000003,1786247.995392,102383.09981222403,67832211.42988618,42989323.786395006,110923918.31609342
,1998,116.11353600000001,22452.96653,0.0,14772.4054,2849.557725,3933.1233899999997,46122.166581,4876.768512000001,943024.59426,0.0,620441.0268,119681.42445,165191.18237999998,1853214.996402,287544.02500454406,71095472.88339624,44860988.442774005,116244005.3511748
,1999,139.864032,22704.28134,0.0,13769.993999999999,3204.61785,3593.6831700000002,45411.440392000004,5874.289344000001,953579.81628,0.0,578339.7479999999,134593.9497,150934.69314000002,1823322.496464,346359.8483009281,71891240.57118386,41816855.47914,114054455.8986248
,2000,275.32982400000003,23409.66012,0.0,13261.3217,3046.042125,2774.1338100000003,44766.487579,11563.852608000001,983205.72504,0.0,556975.5114,127933.76925,116513.62002000002,1796192.478318,681827.8774728961,74124764.49591814,40272114.351777,115078706.72516803
,2001,503.15865599999995,24070.8048,0.0,12994.696000000002,3207.8214,2169.6651899999997,44947.146046,21132.663551999998,1010973.8016000001,0.0,545777.2320000001,134728.4988,91125.93797999999,1803738.133932,1246024.1083530239,76218224.77904545,39462422.75976001,116926671.64715847
,2002,862.4,25074.512000000002,0.0,12432.42,3871.7136,2215.134,46458.1796,36220.799999999996,1053129.5040000002,0.0,522161.64,162611.9712,93035.628,1867159.5432000002,2135650.8096,79396381.12311362,37754897.380200006,119286929.31291363
,2003,1168.64,24251.952,0.0,13114.64,3875.238,1918.671,46332.141,49082.880000000005,1018581.984,0.0,550814.88,162759.99599999998,80584.182,1861823.922,2894024.7705600006,76791812.4975456,39826669.8984,119512507.1665056
,2004,1390.4,25938.624,0.0,13560.47,3978.8340000000003,2465.85,49338.178,58396.8,1089422.208,0.0,569539.74,167111.02800000002,103565.7,1988035.476,3443192.1216,82132520.74110721,41180570.9007,126756283.76340722
,2005,1711.281782,25803.1229,0.43153516,13595.38794,4078.520586,2884.71351,50078.45825316,71873.834844,1083731.1618,18.12447672,571006.29348,171297.864612,121157.96742,2019085.2466327199,4237825.050071928,81703467.64614761,41286610.0500714,127227902.74629094
,2006,2029.808,26156.67787,42.30943583,14439.81,2776.8437879999997,3618.26946,51069.718553830004,85251.936,1098580.47054,1776.99630486,606472.02,116627.43909599999,151967.31732,2060676.17926086,5026624.650432,82822970.39643408,43850959.406100005,131700554.4529661
,2007,2251.92,27476.535669999997,247.44053799999998,14286.58,3325.22868,5286.65949,54881.36437799999,94580.64,1154014.4981399998,10392.502595999998,600036.36,139659.60456,222039.69858,2220723.3038759995,5576663.69568,87002191.62782292,43385629.0098,135964484.33330292
,2008,2158.326184,28914.93808,696.3229651,14538.447,3532.8906,7480.017,59328.9418291,90649.699728,1214427.39936,29245.564534200003,610614.774,148381.4052,314160.714,2407479.5568222,5344887.595362336,91556774.62240982,44150501.23407,141052163.45184216
,2009,1853.3239999999998,28306.710369999997,987.3668544,14673.89,3392.1134810000003,8400.183568,59622.5882734,77839.608,1188881.83554,41469.4078848,616303.38,142468.76620200003,352807.70985600003,2419770.7074828,4589578.966895999,89630871.57501258,44561815.8909,138782266.43280858
,2010,1766.684616,31085.97327,1450.305102,17524.88495,3789.7787759999997,8243.13,65870.756714,74200.753872,1305610.87734,60912.814284,736045.1679,159170.70859199998,346211.45999999996,2682151.781988,4375024.849800864,98431179.0924522,53219745.8650095,156025949.80726257
,2011,1735.36,32903.624339999995,1573.222289,20837.8035,4504.488648,6230.308410000001,69795.807187,72885.12,1381952.2222799999,66075.336138,875187.7470000001,189188.52321599997,261672.95322000002,2846961.901854,4297452.44544,104186621.79468924,63280450.04683501,171764524.28696424
,2012,1708.7839999999999,34836.51498,1695.7468629999998,24453.792269999998,4143.54363,5762.63382,74613.01556300001,71768.928,1463133.62916,71221.368246,1027059.2753399999,174028.83246,242030.62044,3049242.653646,4231639.532736001,110306961.12263864,74261520.9034587,188800121.55883336
,2013,1647.36,37155.64982,1794.739728,24393.00314,5172.343208,6716.7,78892.79589600001,69189.12,1560537.29244,75379.068576,1024506.13188,217238.414736,282101.39999999997,3228951.427632,4079528.89344,117650310.9606148,74076915.8655834,195806755.7196382
,2014,1594.12,37433.179789999995,2080.460888,25681.84138,5882.396616,7125.907679999999,81811.906354,66953.04,1572193.5511799997,87379.357296,1078637.3379600001,247060.657872,299288.12256,3351512.0668679997,3947685.14448,118529086.79765624,77990872.72119781,200467644.66333407
,2015,1552.7544779999998,35426.66251,2434.2253920000003,23256.87662,5841.989904,9582.250259999999,80109.759164,65215.68807599999,1487919.8254200001,102237.46646400001,976788.8180399999,245363.575968,402454.51092,3279979.884888,3845247.4003371117,112175614.76625669,70626715.4883822,186647577.654976
,2016,1593.152,34262.02684,2408.560012,24181.02592,5927.54418,7952.93235,78341.24130200001,66912.384,1439005.12728,101159.520504,1015603.08864,248956.85556,334023.1587,3205660.1346839997,3945287.9854080006,108487891.65025374,73433181.3241152,185866360.95977694
,2017,1734.48,34031.05105,2678.769081,24816.45194,6446.216187,7402.275218000001,79126.243476,72848.16,1429304.1441000002,112508.301402,1042290.98148,270741.079854,310895.55915600003,3238588.225992,4295273.20992,107756525.7974287,75362849.4159114,187414648.4232601
,2018,1946.3183199999999,33567.86115,3369.040544,21557.53512,5454.427387,10263.11584,78176.298361,81745.36944,1409850.1682999998,141499.702848,905416.47504,229085.950254,431050.86528,3198648.531162,4819870.47292128,106289873.05328846,65466138.22776721,176575881.75397694
,2019,2010.4392,34297.81174,3693.624947,21452.56717,5635.633614,11855.90523,80964.981901,84438.4464,1440508.0930799998,155132.247774,901007.8211399999,236696.611788,497948.01966,3315731.2398419995,4978659.6766368,108601201.59458496,65147370.5075277,178727231.77874947
